583
274
335
368
622
34
103
415
1
839
224
886
266
97
767
593
477
826
613
709
846
935
410
648
225
44
728
748
471
531
331
588
944
162
272
671
872
502
250
959
323
468
744
538
377
32
260
51
912
150
597
947
768
811
800
472
763
895
261
832
48
801
932
404
482
388
992
181
41
222
501
546
302
180
607
180
139
835
640
410
42
4
681
146
192
436
756
38
385
315
451
393
732
461
995
341
761
669
350
72
966
696
398
629
103
774
432
414
346
677
149
493
300
163
899
17
307
369
532
815
443
878
340
302
479
735
332
493
296
598
860
684
683
769
757
92
578
629
494
752
237
642
629
623
763
140
362
517
146
423
56
576
741
990
904
489
308
319
230
877
147
997
78
359
978
475
651
140
408
785
8
474
426
489
51
813
256
646
892
47
438
332
655
745
169
814
990
583
397
147
990
241
286
35
115
827
73
266
168
878
559
46
703
329
234
792
647
141
946
702
450
24
530
604
297
905
27
453
602
972
690
57
898
259
316
240
265
21
447
653
160
910
859
434
287
214
936
607
252
154
396
641
886
553
406
195
932
514
848
930
333
233
750
796
248
656
330
978
270
911
332
608
307
345
676
289
729
181
550
112
753
442
502
3
800
271
955
502
710
682
913
851
841
491
824
231
570
633
866
603
865
835
875
463
137
406
177
233
6
869
850
112
514
250
68
806
901
567
481
904
132
608
644
19
681
542
350
123
384
59
660
35
841
140
381
380
831
504
632
979
809
381
96
245
253
514
544
192
695
149
237
15
483
142
123
644
977
54
59
434
686
856
251
562
911
78
705
398
496
631
102
791
536
806
676
854
717
768
333
734
383
359
274
147
780
140
50
877
168
904
422
708
963
654
233
415
37
219
516
857
971
870
905
752
63
634
359
395
606
264
353
565
383
369
754
461
972
678
297
754
499
43
32
582
232
939
230
563
453
195
341
9
840
876
721
791
630
108
121
101
621
479
837
961
642
280
914
405
818
149
532
549
172
504
5
439
123
588
736
691
242
911
961
941
216
190
995
32
536
668
650
149
178
396
895
42
948
586
314
663
932
547
167
854
5
926
648
519
243
653
500
53
757
887
998
357
874
964
886
926
384
607
87
612
854
614
710
415
22
550
841
712
574
764
959
615
488
510
782
836
802
403
533
590
81
30
232
996
472
762
82
312
521
180
290
749
805
895
137
223
262
128
494
669
790
93
756
689
419
569
288
699
857
187
92
884
386
391
213
265
240
708
481
581
719
848
28
513
52
657
456
182
138
904
252
408
324
16
376
931
11
641
330
921
583
328
939
98
527
199
168
448
21
737
211
569
475
203
172
831
77
544
716
15
246
982
45
666
213
409
557
753
280
302
241
532
330
85
357
758
922
825
222
636
409
758
278
803
597
615
534
317
150
575
97
689
720
478
962
555
799
711
908
126
236
87
347
94
553
678
814
153
167
43
998
786
893
560
966
60
702
959
849
247
960
539
848
26
440
860
260
431
82
599
155
312
399
524
268
699
382
848
436
544
485
412
32
321
526
924
567
368
804
950
882
105
656
162
776
437
846
490
191
925
742
682
118
150
547
433
972
722
678
359
432
748
533
607
983
217
313
198
838
471
582
407
910
737
172
515
534
970
466
61
415
814
375
793
135
987
607
823
2
756
985
762
74
773
719
50
750
135
341
732
825
256
740
306
919
869
987
918
619
643
879
782
862
590
129
509
720
685
980
44
739
926
907
441
252
107
464
892
298
208
463
189
57
699
663
439
69
363
685
166
499
289
722
678
639
618
15
488
458
308
210
263
125
393
423
577
536
462
424
601
869
571
332
339
492
289
170
157
324
480
698
915
978
637
916
887
236
726
4
110
574
616
382
297
778
374
863
110
64
895
369
149
479
307
549
315
943
377
764
550
437
967
521
887
89
749
251
466
691
274
681
405
551
4
442
556
530
152
699
389
887
703
714
623
799
736
268
159
235
386
589
113
320
34
957
253
696
116
492
366
184
67
937
364
180
654
144
284
736
861
590
861
56
238
204
954
292
432
53
585
452
490
662
994
823
230
509
900
89
527
10
410
720
803
393
695
595
24
545
614
901
583
645
494
189
996
45
94
995
39
213
226
837
911
432
578
510
55
546
89
337
275
757
41
132
256
134
736
912
3
302
941
893
445
349
132
320
305
936
250
365
914
334
581
509
445
554
442
124
183
679
542
880
935
905
528
582
225
922
605
724
997
108
172
419
131
864
376
596
280
580
735
6
682
156
576
867
418
790
174
737
202
732
442
171
809
726
768
33
789
853
876
417
298
117
593
483
802
312
525
62
721
244
82
260
144
328
272
568
728
228
219
358
632
474
622
668
824
144
451
712
412
100
407
735
737
658
510
30
583
823
897
745
711
685
587
790
833
920
589
593
566
909
855
99
520
174
775
60
806
900
442
706
193
354
356
382
912
420
224
371
216
92
562
400
218
195
230
167
880
257
462
962
335
781
334
784
950
501
119
266
585
270
249
444
821
140
908
104
677
54
344
28
216
46
955
777
Found!